0.06507 -0.04043
0.06656 -0.03831
-0.05715 -0.08533
-0.06378 -0.08188
0.06151 -0.04501
0.05968 -0.04644
0.05193 -0.05417
0.03681 -0.06629
0.03158 -0.06876
0.02844 -0.07060
0.04297 -0.06139
0.05058 -0.05545
0.08813 0.02782
0.08871 0.02491
-0.06542 -0.08086
-0.06653 -0.08011
-0.08351 -0.05866
-0.08316 -0.05942
-0.08703 -0.04885
-0.08788 -0.04500
-0.08913 -0.03552
-0.08804 -0.01984
-0.08915 -0.03400
0.03897 -0.06517
-0.00779 0.08867
-0.01105 0.08819
-0.01302 0.08744
-0.03073 0.07820
-0.03417 0.07631
-0.04248 0.06977
-0.04992 0.06178
-0.08917 -0.03481
-0.04146 -0.08911
-0.04517 -0.08874
-0.03118 -0.08886
-0.08645 -0.01255
-0.08466 -0.00527
-0.05703 0.05286
-0.05455 0.05625
0.02409 -0.07278
0.00156 -0.08176
0.01057 -0.07834
0.01384 -0.07718
0.02181 -0.07350
0.07974 -0.01630
0.08311 -0.01067
0.07521 -0.02506
0.07742 -0.02068
0.07760 -0.02015
0.06849 -0.03564
0.07338 -0.02835
-0.02048 -0.08787
-0.01085 -0.08536
-0.01020 -0.08526
0.08488 -0.00524
0.08676 -0.00019
0.08810 0.00665
-0.02811 -0.08856
-0.02219 -0.08811
-0.02079 -0.08792
0.08883 0.01234
0.00891 0.09098
-0.00049 0.09066
-0.00562 0.08958
-0.08294 0.00078
0.08189 0.05037
0.08351 0.04800
0.08032 0.05370
0.08540 0.03566
-0.07146 -0.07577
-0.07534 -0.07156
0.08408 0.04011
0.08463 0.04448
-0.04914 -0.08768
0.07639 0.05834
0.07768 0.05676
0.07254 0.06174
0.07020 0.06397
0.05732 0.07686
0.06093 0.07490
0.05708 0.07695
-0.05320 -0.08645
0.05146 0.08092
0.05208 0.08047
0.05633 0.07751
-0.08029 -0.06375
-0.07814 -0.06806
0.06529 0.07022
0.06639 0.06875
0.06398 0.07191
0.04565 0.08428
0.03869 0.08793
0.02919 0.09049
0.03377 0.09083
0.02692 0.09102
0.03799 0.08841
0.03715 0.08874
0.03597 0.08908
0.02368 0.09134
0.01698 0.09155
-0.08017 0.00896
-0.07950 0.01077
-0.02096 0.08304
-0.07340 0.02498
-0.04279 0.06951
-0.06418 0.04301
-0.05542 0.05552
