0.00000000 0.00000000 -0.06379964
0.00000000 0.00516125 -0.06481076
0.00000000 0.00618694 -0.06477736
0.00000000 0.01036163 -0.06386751
0.00000000 0.01826240 -0.06424078
0.00000000 0.01850589 -0.06427478
0.00000000 0.01864122 -0.06427422
0.00000000 0.01905321 -0.06435677
0.00000000 0.02524065 -0.06575652
0.00000000 0.02739284 -0.06572494
0.00000000 0.03372009 -0.06465710
0.00000000 0.03649908 -0.06458105
0.00000000 0.04092239 -0.06427457
0.00000000 0.05244081 -0.06293334
0.00000000 0.05380680 -0.06295183
0.00000000 0.05409945 -0.06292573
0.00000000 0.05466901 -0.06279661
0.00000000 0.07358833 -0.06103141
0.00000000 0.07808144 -0.06138691
0.00000000 0.08214798 -0.06196498
0.00000000 0.08536353 -0.06182895
0.00000000 0.08939885 -0.06255002
0.00000000 0.09429804 -0.06195327
0.00000000 0.09619858 -0.06230560
0.00000000 0.09865183 -0.06413255
0.00000000 0.09818949 -0.06567167
0.00000000 0.10040820 -0.07070493
0.00000000 0.10111624 -0.07217993
0.00000000 0.10198672 -0.07289182
0.00000000 0.10310807 -0.07251333
0.00000000 0.10664398 -0.07099118
0.00000000 0.11077414 -0.06952047
0.00000000 0.11098970 -0.07047986
0.00000000 0.11604526 -0.06951202
0.00000000 0.11764852 -0.07085756
0.00000000 0.12010727 -0.07224690
0.00000000 0.13294085 -0.07555996
0.00000000 0.15251876 -0.07650600
0.00000000 0.15311486 -0.07745123
0.00000000 0.16876232 -0.07517268
0.00000000 0.16939581 -0.07600259
0.00000000 0.17000659 -0.07673019
0.00000000 0.18276265 -0.07176257
0.00000000 0.19153365 -0.06625555
0.00000000 0.19177720 -0.06705894
0.00000000 0.19249189 -0.06732503
0.00000000 0.19789845 -0.06333268
0.00000000 0.20015231 -0.06256879
0.00000000 0.20409833 -0.05922305
0.00000000 0.20623509 -0.05797864
0.00000000 0.00000000 -0.06406103
0.00000000 -0.00578602 -0.06423011
0.00000000 -0.01540043 -0.06411496
0.00000000 -0.01561527 -0.06413182
0.00000000 -0.01570122 -0.06413186
0.00000000 -0.01587328 -0.06416568
0.00000000 -0.02358589 -0.06453246
0.00000000 -0.02671218 -0.06391834
0.00000000 -0.03135146 -0.06325285
0.00000000 -0.03819961 -0.06240487
0.00000000 -0.03868337 -0.06241027
0.00000000 -0.03900938 -0.06238317
0.00000000 -0.04589066 -0.06159717
0.00000000 -0.05025729 -0.06144086
0.00000000 -0.05512203 -0.06080069
0.00000000 -0.05929480 -0.06096267
0.00000000 -0.06201335 -0.06093439
0.00000000 -0.07638187 -0.06143938
0.00000000 -0.07836127 -0.06189726
0.00000000 -0.08009570 -0.06212792
0.00000000 -0.08460436 -0.06260503
0.00000000 -0.08860306 -0.06261258
0.00000000 -0.09008609 -0.06247165
0.00000000 -0.09101298 -0.06257198
0.00000000 -0.09201955 -0.06310497
0.00000000 -0.09494201 -0.06751084
0.00000000 -0.09655339 -0.07007174
0.00000000 -0.09883169 -0.07094867
0.00000000 -0.10116971 -0.07087951
0.00000000 -0.10386658 -0.06894956
0.00000000 -0.10701268 -0.06969838
0.00000000 -0.11104314 -0.07002469
0.00000000 -0.11624527 -0.07195126
0.00000000 -0.12473753 -0.07419178
0.00000000 -0.12966131 -0.07613044
0.00000000 -0.13250531 -0.07767771
0.00000000 -0.14288763 -0.07930566
0.00000000 -0.14427115 -0.08027577
0.00000000 -0.15249191 -0.08016244
0.00000000 -0.15527382 -0.08078181
0.00000000 -0.15573816 -0.08164130
0.00000000 -0.15630267 -0.08253356
0.00000000 -0.16357037 -0.08159575
0.00000000 -0.16629780 -0.08159486
0.00000000 -0.17068241 -0.08071303
0.00000000 -0.17171598 -0.08119897
0.00000000 -0.17573941 -0.07969884
0.00000000 -0.18125187 -0.07736970
0.00000000 -0.18326712 -0.07678605
0.00100000 0.00000000 -0.05769989
0.00100000 0.00070940 -0.05775869
0.00100000 0.00150653 -0.05779827
0.00100000 0.00901266 -0.05887250
0.00100000 0.01107265 -0.05890041
0.00100000 0.01992928 -0.05890488
0.00100000 0.02017044 -0.05888757
0.00100000 0.02674714 -0.05819282
0.00100000 0.03141740 -0.05746790
0.00100000 0.03429310 -0.05726268
0.00100000 0.03522659 -0.05718423
0.00100000 0.04438859 -0.05625745
0.00100000 0.04663654 -0.05630024
0.00100000 0.05529937 -0.05626494
0.00100000 0.06012534 -0.05687868
0.00100000 0.06685404 -0.05791007
0.00100000 0.07244017 -0.05929222
0.00100000 0.07506788 -0.05984761
0.00100000 0.07609023 -0.06040087
0.00100000 0.08013823 -0.06063702
0.00100000 0.08241902 -0.06055324
0.00100000 0.08549880 -0.06016446
0.00100000 0.08814209 -0.06015182
0.00100000 0.08955962 -0.06029578
0.00100000 0.09175804 -0.06207558
0.00100000 0.09464944 -0.06380698
0.00100000 0.10395720 -0.06834020
0.00100000 0.10573864 -0.06977995
0.00100000 0.11551088 -0.07272150
0.00100000 0.12085839 -0.07434639
0.00100000 0.12544327 -0.07530231
0.00100000 0.13641984 -0.07574008
0.00100000 0.14160272 -0.07562197
0.00100000 0.15488257 -0.07284602
0.00100000 0.15859953 -0.07205348
0.00100000 0.17545644 -0.06369470
0.00100000 0.17738099 -0.06334135
0.00100000 0.17837268 -0.06341667
0.00100000 0.18879575 -0.05617746
0.00100000 0.18895295 -0.05700265
0.00100000 0.18928942 -0.05760573
0.00100000 0.19535407 -0.05130815
0.00100000 0.19904234 -0.04806727
0.00100000 0.00000000 -0.05774017
0.00100000 -0.00414470 -0.05747014
0.00100000 -0.01068849 -0.05766474
0.00100000 -0.01311255 -0.05750001
0.00100000 -0.02001012 -0.05771268
0.00100000 -0.02392698 -0.05729618
0.00100000 -0.02849099 -0.05713914
0.00100000 -0.03093676 -0.05688420
0.00100000 -0.03543998 -0.05623341
0.00100000 -0.03891258 -0.05659409
0.00100000 -0.04173997 -0.05659725
0.00100000 -0.04498435 -0.05650955
0.00100000 -0.05100517 -0.05706860
0.00100000 -0.05732738 -0.05725607
0.00100000 -0.05973927 -0.05786962
0.00100000 -0.06073066 -0.05804252
0.00100000 -0.06869728 -0.05935062
0.00100000 -0.07215705 -0.05961921
0.00100000 -0.07632172 -0.06072661
0.00100000 -0.07692756 -0.06093135
0.00100000 -0.08163699 -0.06202691
0.00100000 -0.08720569 -0.06105372
0.00100000 -0.08945594 -0.06076349
0.00100000 -0.09086014 -0.06085437
0.00100000 -0.09361780 -0.06156693
0.00100000 -0.10110441 -0.06450715
0.00100000 -0.10285253 -0.06575148
0.00100000 -0.11553394 -0.06885958
0.00100000 -0.12192954 -0.07185976
0.00100000 -0.12459137 -0.07326396
0.00100000 -0.13106598 -0.07525854
0.00100000 -0.13543555 -0.07635787
0.00100000 -0.14200758 -0.07696771
0.00100000 -0.14432067 -0.07756519
0.00100000 -0.14957842 -0.07741278
0.00100000 -0.15391136 -0.07708072
0.00100000 -0.15978210 -0.07567166
0.00100000 -0.16044128 -0.07635883
0.00100000 -0.17363561 -0.07000646
0.00100000 -0.17463353 -0.07035124
0.00100000 -0.17574352 -0.07040922
0.00100000 -0.18139726 -0.06764392
0.00100000 -0.18420350 -0.06640601
0.00200000 0.00000000 -0.05236983
0.00200000 0.00358595 -0.05221276
0.00200000 0.01479294 -0.05250744
0.00200000 0.01565464 -0.05255598
0.00200000 0.01782422 -0.05215952
0.00200000 0.02484030 -0.05210166
0.00200000 0.02607362 -0.05192082
0.00200000 0.03003161 -0.05135620
0.00200000 0.03615033 -0.05161670
0.00200000 0.03866195 -0.05151155
0.00200000 0.04952021 -0.05263400
0.00200000 0.05774772 -0.05385539
0.00200000 0.06335518 -0.05544210
0.00200000 0.06860887 -0.05714864
0.00200000 0.07093052 -0.05798586
0.00200000 0.07210232 -0.05867833
0.00200000 0.07466234 -0.05890023
0.00200000 0.07755320 -0.05915647
0.00200000 0.08159385 -0.05869579
0.00200000 0.08228576 -0.05862793
0.00200000 0.08297824 -0.05864386
0.00200000 0.08609656 -0.06012813
0.00200000 0.08820109 -0.06127729
0.00200000 0.08883197 -0.06246004
0.00200000 0.09818406 -0.06813005
0.00200000 0.09896007 -0.06950140
0.00200000 0.10153701 -0.07137486
0.00200000 0.10611981 -0.07364226
0.00200000 0.10726229 -0.07490245
0.00200000 0.10834734 -0.07605994
0.00200000 0.11805799 -0.07731587
0.00200000 0.12513189 -0.07821726
0.00200000 0.13602119 -0.07802654
0.00200000 0.13611241 -0.07901169
0.00200000 0.13625675 -0.07996930
0.00200000 0.14977930 -0.07665630
0.00200000 0.15685360 -0.07456157
0.00200000 0.16302469 -0.07272215
0.00200000 0.17227105 -0.06867673
0.00200000 0.17583722 -0.06760136
0.00200000 0.00000000 -0.05172076
0.00200000 -0.00589656 -0.05151128
0.00200000 -0.00661639 -0.05152552
0.00200000 -0.01212586 -0.05140870
0.00200000 -0.01698280 -0.05199259
0.00200000 -0.01767497 -0.05203684
0.00200000 -0.02555034 -0.05321010
0.00200000 -0.03043102 -0.05303675
0.00200000 -0.03388463 -0.05349443
0.00200000 -0.03791915 -0.05335499
0.00200000 -0.03998233 -0.05339151
0.00200000 -0.04505594 -0.05348912
0.00200000 -0.04939766 -0.05373651
0.00200000 -0.05381780 -0.05405449
0.00200000 -0.06472447 -0.05627418
0.00200000 -0.06581647 -0.05667890
0.00200000 -0.06687188 -0.05688227
0.00200000 -0.07185377 -0.05832876
0.00200000 -0.07397814 -0.05889629
0.00200000 -0.07734597 -0.05932103
0.00200000 -0.08073178 -0.06042570
0.00200000 -0.08695501 -0.06172623
0.00200000 -0.08705025 -0.06175643
0.00200000 -0.08716818 -0.06175467
0.00200000 -0.08734498 -0.06170216
0.00200000 -0.10034864 -0.06060115
0.00200000 -0.10069199 -0.06148041
0.00200000 -0.10192158 -0.06250268
0.00200000 -0.11411422 -0.06580046
0.00200000 -0.11565347 -0.06732801
0.00200000 -0.11722227 -0.06890148
0.00200000 -0.12747354 -0.07360600
0.00200000 -0.13308704 -0.07606768
0.00200000 -0.13728933 -0.07757645
0.00200000 -0.14547785 -0.07818343
0.00200000 -0.14927820 -0.07898901
0.00200000 -0.15022519 -0.07983058
0.00200000 -0.15069999 -0.08071023
0.00200000 -0.15148780 -0.08143210
0.00200000 -0.16356678 -0.07857388
0.00200000 -0.18057203 -0.07197940
0.00200000 -0.18098001 -0.07278014
0.00200000 -0.18115435 -0.07367622
0.00200000 -0.18163748 -0.07432899
0.00300000 0.00000000 -0.04843960
0.00300000 0.00272862 -0.04850163
0.00300000 0.00862585 -0.04874963
0.00300000 0.01161417 -0.04878596
0.00300000 0.01485246 -0.04831832
0.00300000 0.01934365 -0.04880512
0.00300000 0.02340534 -0.04852328
0.00300000 0.02813046 -0.04820003
0.00300000 0.03458751 -0.04826810
0.00300000 0.04219975 -0.04910568
0.00300000 0.05060723 -0.05049856
0.00300000 0.05125674 -0.05067363
0.00300000 0.06446745 -0.05490225
0.00300000 0.06521375 -0.05499811
0.00300000 0.07068990 -0.05689186
0.00300000 0.07108466 -0.05705731
0.00300000 0.07133898 -0.05709397
0.00300000 0.07705550 -0.05775098
0.00300000 0.07863505 -0.05743590
0.00300000 0.08431065 -0.05642582
0.00300000 0.08550187 -0.05657247
0.00300000 0.08787488 -0.05839508
0.00300000 0.09155643 -0.05994938
0.00300000 0.09799301 -0.06493995
0.00300000 0.10034496 -0.06721893
0.00300000 0.10112825 -0.06853045
0.00300000 0.10420823 -0.07001989
0.00300000 0.11558417 -0.07224058
0.00300000 0.12095821 -0.07321957
0.00300000 0.13257993 -0.07309662
0.00300000 0.13802216 -0.07304349
0.00300000 0.15421009 -0.06893616
0.00300000 0.15982968 -0.06795432
0.00300000 0.16304050 -0.06765111
0.00300000 0.17099712 -0.06405686
0.00300000 0.17668563 -0.06106756
0.00300000 0.17837556 -0.06094859
0.00300000 0.18037032 -0.06004243
0.00300000 0.18871744 -0.05313458
0.00300000 0.19207461 -0.05090039
0.00300000 0.00000000 -0.04818242
0.00300000 -0.00780955 -0.04848865
0.00300000 -0.01532769 -0.04861042
0.00300000 -0.01683742 -0.04887949
0.00300000 -0.02679345 -0.05019192
0.00300000 -0.02748570 -0.05030070
0.00300000 -0.03515404 -0.05144392
0.00300000 -0.03676400 -0.05181449
0.00300000 -0.04230019 -0.05247504
0.00300000 -0.04404151 -0.05248804
0.00300000 -0.04826441 -0.05268397
0.00300000 -0.05328300 -0.05320856
0.00300000 -0.06095532 -0.05433052
0.00300000 -0.06512580 -0.05573748
0.00300000 -0.06736709 -0.05619505
0.00300000 -0.07448259 -0.05907194
0.00300000 -0.08048449 -0.06076118
0.00300000 -0.08049531 -0.06076568
0.00300000 -0.08050870 -0.06076761
0.00300000 -0.08693074 -0.06248895
0.00300000 -0.08968164 -0.06247397
0.00300000 -0.09262242 -0.06248161
0.00300000 -0.09819302 -0.06093655
0.00300000 -0.10215846 -0.05920238
0.00300000 -0.10391043 -0.05960478
0.00300000 -0.10812759 -0.06072092
0.00300000 -0.11091610 -0.06129950
0.00300000 -0.11998621 -0.06483726
0.00300000 -0.12119835 -0.06626550
0.00300000 -0.12312026 -0.06798867
0.00300000 -0.13012337 -0.07058695
0.00300000 -0.13568094 -0.07211646
0.00300000 -0.14381579 -0.07430260
0.00300000 -0.17296811 -0.06745288
0.00300000 -0.17578850 -0.06772125
0.00300000 -0.17697455 -0.06825312
0.00300000 -0.17742777 -0.06901242
0.00300000 -0.17791617 -0.06978313
0.00300000 -0.18801497 -0.06364157
0.00300000 -0.19678217 -0.05541233
0.00300000 -0.19703653 -0.05615934
0.00300000 -0.19721168 -0.05688499
0.00300000 -0.20557506 -0.04323737
0.00400000 0.00000000 -0.04547892
0.00400000 0.00736617 -0.04593348
0.00400000 0.01306069 -0.04596527
0.00400000 0.01547090 -0.04624121
0.00400000 0.02193028 -0.04603354
0.00400000 0.02386034 -0.04609014
0.00400000 0.02485655 -0.04606328
0.00400000 0.02790233 -0.04593172
0.00400000 0.03327555 -0.04651107
0.00400000 0.04239646 -0.04739639
0.00400000 0.04268163 -0.04745696
0.00400000 0.04293511 -0.04749888
0.00400000 0.05016156 -0.04931272
0.00400000 0.05368660 -0.05008726
0.00400000 0.05564389 -0.05082162
0.00400000 0.06122295 -0.05289956
0.00400000 0.06277434 -0.05307214
0.00400000 0.06527519 -0.05378368
0.00400000 0.06978504 -0.05553541
0.00400000 0.07451051 -0.05628065
0.00400000 0.07585209 -0.05638347
0.00400000 0.07820617 -0.05569410
0.00400000 0.08536199 -0.05325025
0.00400000 0.08916039 -0.05232656
0.00400000 0.09281041 -0.05348452
0.00400000 0.09785280 -0.05477416
0.00400000 0.10105252 -0.05661201
0.00400000 0.10427652 -0.05797876
0.00400000 0.11718391 -0.05912500
0.00400000 0.12156276 -0.05962653
0.00400000 0.13501814 -0.05719453
0.00400000 0.14073413 -0.05650567
0.00400000 0.14745939 -0.05505341
0.00400000 0.15473677 -0.05341388
0.00400000 0.15834044 -0.05297154
0.00400000 0.16614582 -0.04994490
0.00400000 0.16990047 -0.04867283
0.00400000 0.17734600 -0.04368576
0.00400000 0.18024813 -0.04153996
0.00400000 0.18525088 -0.03689189
0.00400000 0.18739423 -0.03253916
0.00400000 0.18945850 -0.02751054
0.00400000 0.00000000 -0.04652951
0.00400000 -0.01110457 -0.04827051
0.00400000 -0.01188165 -0.04842720
0.00400000 -0.02265859 -0.05069863
0.00400000 -0.02451230 -0.05106442
0.00400000 -0.02928945 -0.05214689
0.00400000 -0.03136187 -0.05287414
0.00400000 -0.03169918 -0.05293775
0.00400000 -0.03200737 -0.05294124
0.00400000 -0.03880046 -0.05420324
0.00400000 -0.04257701 -0.05465652
0.00400000 -0.04886323 -0.05534522
0.00400000 -0.05233090 -0.05620673
0.00400000 -0.06121899 -0.05866156
0.00400000 -0.06379386 -0.05970580
0.00400000 -0.06481741 -0.05993808
0.00400000 -0.07142395 -0.06244892
0.00400000 -0.07506187 -0.06307262
0.00400000 -0.07806705 -0.06339271
0.00400000 -0.08411903 -0.06270123
0.00400000 -0.08518763 -0.06250580
0.00400000 -0.08979981 -0.06110471
0.00400000 -0.09636629 -0.05894096
0.00400000 -0.10036740 -0.05770054
0.00400000 -0.10525707 -0.05801616
0.00400000 -0.10674494 -0.05871932
0.00400000 -0.11063674 -0.06039663
0.00400000 -0.11430406 -0.06157370
0.00400000 -0.11812128 -0.06234899
0.00400000 -0.12631803 -0.06385643
0.00400000 -0.12962972 -0.06441820
0.00400000 -0.13829624 -0.06469341
0.00400000 -0.14623873 -0.06340409
0.00400000 -0.15347468 -0.06152375
0.00400000 -0.16337091 -0.05772704
0.00400000 -0.17006848 -0.05449425
0.00400000 -0.17313997 -0.05375877
0.00400000 -0.17667267 -0.05146664
0.00400000 -0.18186765 -0.04650356
0.00400000 -0.18289751 -0.04594505
